# Z^2	Peak [ADC]	Sigma [ADC]
1.600000000000000000e+01 1.635141077715617826e+02 2.448478382799324748e+01
2.500000000000000000e+01 2.507870717443898343e+02 2.854581815179059845e+01
3.600000000000000000e+01 3.545021977502061077e+02 3.741055211206457898e+01
4.900000000000000000e+01 4.656081509460970551e+02 4.442473614894247191e+01
6.400000000000000000e+01 5.771412903781821342e+02 5.105729770700778403e+01
8.100000000000000000e+01 6.975910872655621233e+02 5.181066355755690012e+01
1.000000000000000000e+02 8.151186760407615566e+02 5.960445791455789788e+01
1.210000000000000000e+02 9.356504831277973153e+02 6.426766860108055823e+01
1.440000000000000000e+02 1.048811731098648806e+03 6.441825343812574545e+01
1.690000000000000000e+02 1.165571820743094122e+03 7.803110303422947425e+01
1.960000000000000000e+02 1.285571129154018081e+03 7.648630841246270506e+01
2.250000000000000000e+02 1.402876834570333813e+03 9.922273944150954605e+01
2.560000000000000000e+02 1.521863032783560357e+03 9.909596881389485645e+01
