# Z^2	Peak [ADC]	Sigma [ADC]
1.000000000000000000e+00 4.817823060829969251e+00 3.222800965389901684e+00
4.000000000000000000e+00 2.194144378433555431e+01 4.533797397033244359e+00
9.000000000000000000e+00 4.864506549011489511e+01 8.237894245301742302e+00
1.600000000000000000e+01 8.363117030835277887e+01 1.279719798000623321e+01
2.500000000000000000e+01 1.279782728298066843e+02 1.108017137824167975e+01
3.600000000000000000e+01 1.768757961388898252e+02 1.622583665490995841e+01
4.900000000000000000e+01 2.328668305603852389e+02 1.617334250056642020e+01
6.400000000000000000e+01 2.918995099100362154e+02 2.027787802670495410e+01
8.100000000000000000e+01 3.540197798646521505e+02 1.871251528038926892e+01
1.000000000000000000e+02 4.176447343786061310e+02 2.148016634613577835e+01
1.210000000000000000e+02 4.824075190104719013e+02 2.104380692359114846e+01
1.440000000000000000e+02 5.495151581271924215e+02 2.443476789514572545e+01
1.690000000000000000e+02 6.166738691435490409e+02 2.355891020676571657e+01
1.960000000000000000e+02 6.875862423031136359e+02 2.783418358631060130e+01
2.250000000000000000e+02 7.596864111290964274e+02 2.731590325491395177e+01
2.560000000000000000e+02 8.391469640309909437e+02 3.401135310678512269e+01
2.890000000000000000e+02 9.252991915323854073e+02 3.270962557625289691e+01
3.240000000000000000e+02 1.003408123342507906e+03 2.864790107724298451e+01
3.610000000000000000e+02 1.089575083539655679e+03 4.253660296417776010e+01
4.000000000000000000e+02 1.173728762784911623e+03 2.429996064415726664e+01
4.410000000000000000e+02 1.254346625088984410e+03 5.551699137175398135e+01
4.840000000000000000e+02 1.356801503385422393e+03 2.851473885231286687e+01
5.290000000000000000e+02 1.446361866921251021e+03 6.262052261817586896e+01
5.760000000000000000e+02 1.560360249376439242e+03 2.777727905351672888e+01
